11,    channel 11 SRF extracted from pub.rar (FY3D_MERSI_SRF_CH11_Pub.txt) (received October 2018)
Number of data points:
111
Wavenumber (cm-1)   Filter response
    17152.658700       0.000000
    17167.382000       0.000000
    17182.130600       0.009253
    17196.904600       0.009914
    17211.704000       0.010575
    17226.528900       0.012558
    17241.379300       0.012558
    17256.255400       0.013219
    17271.157200       0.015202
    17286.084700       0.016523
    17301.038100       0.017184
    17316.017300       0.020489
    17331.022500       0.021811
    17346.053800       0.023794
    17361.111100       0.027098
    17376.194600       0.031064
    17391.304300       0.035030
    17406.440400       0.039656
    17421.602800       0.045605
    17436.791600       0.052875
    17452.007000       0.062128
    17467.248900       0.076008
    17482.517500       0.091870
    17497.812800       0.111699
    17513.134900       0.139458
    17528.483800       0.172505
    17543.859600       0.214805
    17559.262500       0.269002
    17574.692400       0.330469
    17590.149500       0.399207
    17605.633800       0.481163
    17621.145400       0.551884
    17636.684300       0.627231
    17652.250700       0.702578
    17667.844500       0.759418
    17683.466000       0.818903
    17699.115000       0.849306
    17714.791900       0.871778
    17730.496500       0.884336
    17746.228900       0.902842
    17761.989300       0.904164
    17777.777800       0.897555
    17793.594300       0.901520
    17809.439000       0.910112
    17825.311900       0.907469
    17841.213200       0.902181
    17857.142900       0.910773
    17873.101000       0.914078
    17889.087700       0.916061
    17905.103000       0.916061
    17921.147000       0.917383
    17937.219700       0.922009
    17953.321400       0.938533
    17969.451900       0.939855
    17985.611500       0.939194
    18001.800200       0.955056
    18018.018000       0.954395
    18034.265100       0.962326
    18050.541500       0.960344
    18066.847300       0.962987
    18083.182600       0.981494
    18099.547500       0.982816
    18115.942000       0.984798
    18132.366300       1.000000
    18148.820300       0.988764
    18165.304300       0.992069
    18181.818200       0.975545
    18198.362100       0.954395
    18214.936200       0.925975
    18231.540600       0.891606
    18248.175200       0.855254
    18264.840200       0.796431
    18281.535600       0.738929
    18298.261700       0.682089
    18315.018300       0.615995
    18331.805700       0.545274
    18348.623900       0.475215
    18365.472900       0.421018
    18382.352900       0.366160
    18399.264000       0.320555
    18416.206300       0.282221
    18433.179700       0.249174
    18450.184500       0.222075
    18467.220700       0.195638
    18484.288400       0.175149
    18501.387600       0.155981
    18518.518500       0.136814
    18535.681200       0.120291
    18552.875700       0.104428
    18570.102100       0.093192
    18587.360600       0.080634
    18604.651200       0.069399
    18621.973900       0.060145
    18639.329000       0.050231
    18656.716400       0.043622
    18674.136300       0.037673
    18691.588800       0.032386
    18709.073900       0.027759
    18726.591800       0.024455
    18744.142500       0.021811
    18761.726100       0.019828
    18779.342700       0.017184
    18796.992500       0.014541
    18814.675400       0.013880
    18832.391700       0.011897
    18850.141400       0.011236
    18867.924500       0.010575
    18885.741300       0.009914
    18903.591700       0.000000
    18921.475900       0.000000
    18939.393900       0.000000
