8,    channel 8 SRF extracted from pub.rar (FY3D_MERSI_SRF_CH08_Pub.txt) (received October 2018)
Number of data points:
72
Wavenumber (cm-1)   Filter response
    22805.017100       0.000000
    22831.050200       0.000000
    22857.142900       0.000000
    22988.505700       0.010601
    23041.474700       0.010601
    23068.050700       0.010601
    23094.688200       0.010601
    23121.387300       0.017668
    23148.148100       0.021201
    23174.971000       0.021201
    23201.856100       0.017668
    23228.803700       0.017668
    23255.814000       0.017668
    23282.887100       0.021201
    23310.023300       0.024735
    23337.222900       0.028269
    23364.486000       0.028269
    23391.812900       0.038869
    23419.203700       0.045936
    23446.658900       0.056537
    23474.178400       0.063604
    23501.762600       0.091873
    23529.411800       0.116608
    23557.126000       0.148410
    23584.905700       0.180212
    23612.750900       0.250883
    23640.661900       0.318021
    23668.639100       0.406360
    23696.682500       0.494700
    23724.792400       0.600707
    23752.969100       0.706714
    23781.212800       0.766784
    23809.523800       0.823322
    23837.902300       0.862191
    23866.348400       0.897527
    23894.862600       0.932862
    23923.445000       0.968198
    23952.095800       0.964664
    23980.815300       0.957597
    24009.603800       0.964664
    24038.461500       0.971731
    24067.388700       0.978799
    24096.385500       0.982332
    24125.452400       0.978799
    24154.589400       0.975265
    24183.796900       0.978799
    24213.075100       0.978799
    24242.424200       0.989399
    24271.844700       1.000000
    24301.336600       0.996466
    24330.900200       0.989399
    24360.535900       0.971731
    24390.243900       0.950530
    24420.024400       0.936396
    24449.877800       0.918728
    24479.804200       0.890459
    24509.803900       0.862191
    24539.877300       0.826855
    24570.024600       0.791519
    24600.246000       0.766784
    24630.541900       0.742049
    24660.912500       0.717314
    24691.358000       0.689046
    24721.878900       0.667845
    24752.475200       0.646643
    24783.147500       0.628975
    24813.895800       0.607774
    24844.720500       0.590106
    24875.621900       0.568905
    24906.600200       0.540636
    24937.655900       0.508834
    24968.789000       0.459364
