12,    channel 12 SRF extracted from pub.rar (FY3D_MERSI_SRF_CH12_Pub.txt) (received October 2018)
Number of data points:
124
Wavenumber (cm-1)   Filter response
    14245.014200       0.000000
    14255.167500       0.009476
    14265.335200       0.010033
    14275.517500       0.010870
    14285.714300       0.011427
    14295.925700       0.011984
    14306.151600       0.012821
    14316.392300       0.013378
    14326.647600       0.014493
    14336.917600       0.015608
    14347.202300       0.016444
    14357.501800       0.017837
    14367.816100       0.018673
    14378.145200       0.020067
    14388.489200       0.022018
    14398.848100       0.023411
    14409.221900       0.024805
    14419.610700       0.027035
    14430.014400       0.028986
    14440.433200       0.031773
    14450.867100       0.034002
    14461.316000       0.037068
    14471.780000       0.040970
    14482.259200       0.044593
    14492.753600       0.049331
    14503.263200       0.053790
    14513.788100       0.059922
    14524.328200       0.067168
    14534.883700       0.075530
    14545.454500       0.084448
    14556.040800       0.096711
    14566.642400       0.110089
    14577.259500       0.126254
    14587.892000       0.145485
    14598.540100       0.167503
    14609.203800       0.193423
    14619.883000       0.222965
    14630.577900       0.257246
    14641.288400       0.295429
    14652.014700       0.337514
    14662.756600       0.386288
    14673.514300       0.437012
    14684.287800       0.483278
    14695.077100       0.534002
    14705.882400       0.584727
    14716.703500       0.638239
    14727.540500       0.682832
    14738.393500       0.726867
    14749.262500       0.775920
    14760.147600       0.813545
    14771.048700       0.845875
    14781.966000       0.872074
    14792.899400       0.901895
    14803.849000       0.908863
    14814.814800       0.926700
    14825.796900       0.942308
    14836.795300       0.966834
    14847.809900       0.974638
    14858.841000       0.971293
    14869.888500       0.974359
    14880.952400       0.990524
    14892.032800       0.985229
    14903.129700       1.000000
    14914.243100       0.983556
    14925.373100       0.986065
    14936.519800       0.992196
    14947.683100       0.990803
    14958.863100       0.970457
    14970.059900       0.976031
    14981.273400       0.961538
    14992.503700       0.960424
    15003.750900       0.937848
    15015.015000       0.923913
    15026.296000       0.912207
    15037.594000       0.889632
    15048.909000       0.880992
    15060.241000       0.852843
    15071.590100       0.811873
    15082.956300       0.777035
    15094.339600       0.740803
    15105.740200       0.703456
    15117.158000       0.648272
    15128.593000       0.608138
    15140.045400       0.551003
    15151.515200       0.509197
    15163.002300       0.454571
    15174.506800       0.413043
    15186.028900       0.370123
    15197.568400       0.332219
    15209.125500       0.292363
    15220.700200       0.261427
    15232.292500       0.231048
    15243.902400       0.206522
    15255.530100       0.183389
    15267.175600       0.166945
    15278.838800       0.146878
    15290.519900       0.128763
    15302.218800       0.115942
    15313.935700       0.100056
    15325.670500       0.088071
    15337.423300       0.078038
    15349.194200       0.068562
    15360.983100       0.059643
    15372.790200       0.053233
    15384.615400       0.047380
    15396.458800       0.040970
    15408.320500       0.037347
    15420.200500       0.033445
    15432.098800       0.029822
    15444.015400       0.027035
    15455.950500       0.024805
    15467.904100       0.022854
    15479.876200       0.020903
    15491.866800       0.019509
    15503.876000       0.017837
    15515.903800       0.016444
    15527.950300       0.015050
    15540.015500       0.013657
    15552.099500       0.013099
    15564.202300       0.011984
    15576.324000       0.010870
    15588.464500       0.010312
    15600.624000       0.009197
    15612.802500       0.000000
