9,    channel 9 SRF extracted from pub.rar (FY3D_MERSI_SRF_CH09_Pub.txt) (received October 2018)
Number of data points:
100
Wavenumber (cm-1)   Filter response
    21367.521400       0.009317
    21390.374300       0.010870
    21413.276200       0.010870
    21436.227200       0.012422
    21459.227500       0.013975
    21482.277100       0.017081
    21505.376300       0.020186
    21528.525300       0.020186
    21551.724100       0.020186
    21574.973000       0.024845
    21598.272100       0.027950
    21621.621600       0.031056
    21645.021600       0.032609
    21668.472400       0.038820
    21691.974000       0.045031
    21715.526600       0.055901
    21739.130400       0.065217
    21762.785600       0.082298
    21786.492400       0.097826
    21810.250800       0.133540
    21834.061100       0.167702
    21857.923500       0.229814
    21881.838100       0.290373
    21905.805000       0.374224
    21929.824600       0.456522
    21953.896800       0.540373
    21978.022000       0.622671
    22002.200200       0.677019
    22026.431700       0.731366
    22050.716600       0.751553
    22075.055200       0.770186
    22099.447500       0.771739
    22123.893800       0.773292
    22148.394200       0.760870
    22172.949000       0.746894
    22197.558300       0.745342
    22222.222200       0.742236
    22246.941000       0.757764
    22271.714900       0.771739
    22296.544000       0.793478
    22321.428600       0.815217
    22346.368700       0.846273
    22371.364700       0.877329
    22396.416600       0.903727
    22421.524700       0.928571
    22446.689100       0.950311
    22471.910100       0.972050
    22497.187900       0.986025
    22522.522500       1.000000
    22547.914300       0.975155
    22573.363400       0.950311
    22598.870100       0.928571
    22624.434400       0.905280
    22650.056600       0.869565
    22675.737000       0.832298
    22701.475600       0.801242
    22727.272700       0.770186
    22753.128600       0.745342
    22779.043300       0.720497
    22805.017100       0.704969
    22831.050200       0.687888
    22857.142900       0.692547
    22883.295200       0.697205
    22909.507400       0.697205
    22935.779800       0.695652
    22962.112500       0.689441
    22988.505700       0.681677
    23014.959700       0.638199
    23041.474700       0.594720
    23068.050700       0.524845
    23094.688200       0.453416
    23121.387300       0.383540
    23148.148100       0.313665
    23174.971000       0.265528
    23201.856100       0.215839
    23228.803700       0.190994
    23255.814000       0.164596
    23282.887100       0.147516
    23310.023300       0.130435
    23337.222900       0.118012
    23364.486000       0.105590
    23391.812900       0.097826
    23419.203700       0.090062
    23446.658900       0.082298
    23474.178400       0.072981
    23501.762600       0.065217
    23529.411800       0.055901
    23557.126000       0.046584
    23584.905700       0.035714
    23612.750900       0.031056
    23640.661900       0.024845
    23668.639100       0.021739
    23696.682500       0.018634
    23724.792400       0.017081
    23752.969100       0.013975
    23781.212800       0.012422
    23809.523800       0.010870
    23837.902300       0.009317
    23866.348400       0.000000
    23894.862600       0.000000
