7,    channel 7 SRF extracted from pub.rar (FY3D_MERSI_SRF_CH07_Pub.txt) (received October 2018)
Number of data points:
109
Wavenumber (cm-1)   Filter response
     4589.261100       0.000000
     4591.368200       0.010008
     4593.477300       0.010564
     4595.588200       0.012510
     4597.701100       0.015291
     4599.816000       0.018071
     4601.932800       0.017793
     4604.051600       0.024743
     4606.172300       0.029469
     4608.294900       0.030859
     4610.419500       0.040033
     4612.546100       0.044482
     4614.674700       0.054490
     4616.805200       0.063942
     4618.937600       0.075341
     4621.072100       0.095635
     4623.208500       0.106478
     4625.346900       0.128718
     4627.487300       0.146233
     4629.629600       0.177648
     4631.774000       0.204337
     4633.920300       0.238254
     4636.068600       0.263553
     4638.218900       0.296636
     4640.371200       0.338059
     4642.525500       0.366972
     4644.681800       0.403114
     4646.840100       0.442313
     4649.000500       0.489019
     4651.162800       0.529886
     4653.327100       0.560745
     4655.493500       0.614123
     4657.661900       0.632750
     4659.832200       0.681957
     4662.004700       0.679177
     4664.179100       0.736725
     4666.355600       0.757576
     4668.534100       0.803447
     4670.714600       0.828468
     4672.897200       0.836808
     4675.081800       0.858215
     4677.268500       0.886850
     4679.457200       0.905477
     4681.647900       0.906867
     4683.840700       0.928552
     4686.035600       0.931610
     4688.232500       0.963859
     4690.431500       0.949958
     4692.632600       0.939950
     4694.835700       0.965249
     4697.040900       0.984987
     4699.248100       0.965805
     4701.457500       0.985822
     4703.668900       0.987490
     4705.882400       0.992494
     4708.097900       0.974701
     4710.315600       1.000000
     4712.535300       0.985266
     4714.757200       0.994996
     4716.981100       0.982763
     4719.207200       0.981651
     4721.435300       0.984153
     4723.665600       0.975535
     4725.897900       0.948290
     4728.132400       0.936336
     4730.369000       0.936614
     4732.607700       0.907979
     4734.848500       0.876842
     4737.091400       0.862385
     4739.336500       0.814846
     4741.583700       0.799555
     4743.833000       0.754796
     4746.084500       0.724493
     4748.338100       0.692244
     4750.593800       0.653322
     4752.851700       0.611899
     4755.111700       0.587712
     4757.373900       0.535168
     4759.638300       0.493467
     4761.904800       0.457604
     4764.173400       0.427023
     4766.444200       0.392271
     4768.717200       0.353350
     4770.992400       0.322213
     4773.269700       0.290520
     4775.549200       0.254935
     4777.830900       0.228524
     4780.114700       0.208229
     4782.400800       0.185154
     4784.689000       0.161523
     4786.979400       0.149013
     4789.272000       0.125104
     4791.566800       0.111204
     4793.863900       0.093967
     4796.163100       0.084515
     4798.464500       0.072282
     4800.768100       0.061718
     4803.074000       0.053934
     4805.382000       0.045594
     4807.692300       0.039755
     4810.004800       0.034195
     4812.319500       0.027523
     4814.636500       0.024465
     4816.955700       0.020295
     4819.277100       0.019739
     4821.600800       0.015569
     4823.926700       0.012788
     4826.254800       0.011398
     4828.585200       0.000000
