21,    channel 21 SRF extracted from pub.rar (FY3D_MERSI_SRF_CH21_Pub.txt) (received October 2018)
Number of data points:
328
Wavenumber (cm-1)   Filter response
     2378.121300       0.000000
     2378.687000       0.000000
     2379.252900       0.000000
     2379.819100       0.009102
     2380.385600       0.010316
     2380.952400       0.011833
     2381.519400       0.013956
     2382.086700       0.016080
     2382.654300       0.017900
     2383.222100       0.020631
     2383.790200       0.023362
     2384.358600       0.027002
     2384.927300       0.029430
     2385.496200       0.032767
     2386.065400       0.036104
     2386.634800       0.039138
     2387.204600       0.043083
     2387.774600       0.046723
     2388.344900       0.049757
     2388.915400       0.053701
     2389.486300       0.058556
     2390.057400       0.061590
     2390.628700       0.065231
     2391.200400       0.069478
     2391.772300       0.073119
     2392.344500       0.076760
     2392.917000       0.080097
     2393.489700       0.085255
     2394.062700       0.089806
     2394.636000       0.093750
     2395.209600       0.097391
     2395.783400       0.102245
     2396.357500       0.106796
     2396.931900       0.110133
     2397.506600       0.115898
     2398.081500       0.121663
     2398.656800       0.126214
     2399.232200       0.132585
     2399.808000       0.138350
     2400.384100       0.144114
     2400.960400       0.150789
     2401.537000       0.156857
     2402.113900       0.163835
     2402.691000       0.171117
     2403.268400       0.179005
     2403.846200       0.186286
     2404.424100       0.194175
     2405.002400       0.201456
     2405.580900       0.210862
     2406.159800       0.218143
     2406.738900       0.226638
     2407.318200       0.236347
     2407.897900       0.243022
     2408.477800       0.252427
     2409.058100       0.261833
     2409.638600       0.271845
     2410.219300       0.282464
     2410.800400       0.291262
     2411.381700       0.301881
     2411.963300       0.310983
     2412.545200       0.321602
     2413.127400       0.333131
     2413.709900       0.342536
     2414.292600       0.354369
     2414.875600       0.365291
     2415.458900       0.376517
     2416.042500       0.385619
     2416.626400       0.397755
     2417.210500       0.408677
     2417.795000       0.419600
     2418.379700       0.430825
     2418.964700       0.442658
     2419.550000       0.454794
     2420.135500       0.466323
     2420.721400       0.477245
     2421.307500       0.489078
     2421.893900       0.499697
     2422.480600       0.512136
     2423.067600       0.524575
     2423.654900       0.534891
     2424.242400       0.547027
     2424.830300       0.556735
     2425.418400       0.567961
     2426.006800       0.578277
     2426.595500       0.589806
     2427.184500       0.601638
     2427.773700       0.612561
     2428.363300       0.625607
     2428.953100       0.635922
     2429.543200       0.645934
     2430.133700       0.658070
     2430.724400       0.666869
     2431.315300       0.677488
     2431.906600       0.688714
     2432.498200       0.697816
     2433.090000       0.710862
     2433.682200       0.718750
     2434.274600       0.727852
     2434.867300       0.737257
     2435.460300       0.747269
     2436.053600       0.757585
     2436.647200       0.768811
     2437.241000       0.777609
     2437.835200       0.784891
     2438.429700       0.792476
     2439.024400       0.804308
     2439.619400       0.810376
     2440.214700       0.818568
     2440.810300       0.828883
     2441.406200       0.833738
     2442.002400       0.841019
     2442.598900       0.849211
     2443.195700       0.855583
     2443.792800       0.861044
     2444.390100       0.869842
     2444.987800       0.873483
     2445.585700       0.879854
     2446.184000       0.887743
     2446.782500       0.892294
     2447.381300       0.900182
     2447.980400       0.902002
     2448.579800       0.908070
     2449.179500       0.911711
     2449.779500       0.917172
     2450.379800       0.923847
     2450.980400       0.924454
     2451.581300       0.928701
     2452.182400       0.932342
     2452.783900       0.938714
     2453.385700       0.939017
     2453.987700       0.945085
     2454.590100       0.945692
     2455.192700       0.949029
     2455.795700       0.951456
     2456.398900       0.955704
     2457.002500       0.956917
     2457.606300       0.961772
     2458.210400       0.965109
     2458.814900       0.963896
     2459.419600       0.965716
     2460.024600       0.966626
     2460.629900       0.968447
     2461.235500       0.969660
     2461.841500       0.970570
     2462.447700       0.972087
     2463.054200       0.973908
     2463.661000       0.976335
     2464.268100       0.977245
     2464.875500       0.978155
     2465.483200       0.979976
     2466.091200       0.980583
     2466.699600       0.982706
     2467.308200       0.983010
     2467.917100       0.985437
     2468.526300       0.985437
     2469.135800       0.988471
     2469.745600       0.989381
     2470.355700       0.986954
     2470.966100       0.988774
     2471.576900       0.989078
     2472.187900       0.989988
     2472.799200       0.992112
     2473.410800       0.989988
     2474.022800       0.994539
     2474.635000       0.992718
     2475.247500       0.996663
     2475.860400       0.993325
     2476.473500       0.994235
     2477.086900       0.997876
     2477.700700       0.994539
     2478.314700       0.998786
     2478.929100       0.997269
     2479.543800       0.999393
     2480.158700       0.999697
     2480.774000       0.997573
     2481.389600       1.000000
     2482.005500       0.997876
     2482.621600       0.997876
     2483.238100       0.997573
     2483.854900       0.997876
     2484.472000       0.999697
     2485.089500       0.996663
     2485.707200       0.996359
     2486.325200       0.995449
     2486.943500       0.995449
     2487.562200       0.997269
     2488.181100       0.995449
     2488.800400       0.991808
     2489.420000       0.990595
     2490.039800       0.988774
     2490.660000       0.988471
     2491.280500       0.987864
     2491.901300       0.985740
     2492.522400       0.980583
     2493.143900       0.978762
     2493.765600       0.975425
     2494.387600       0.972694
     2495.010000       0.969357
     2495.632600       0.972391
     2496.255600       0.975425
     2496.878900       0.967233
     2497.502500       0.964199
     2498.126400       0.960255
     2498.750600       0.950850
     2499.375200       0.944478
     2500.000000       0.939927
     2500.625200       0.930218
     2501.250600       0.923544
     2501.876400       0.916262
     2502.502500       0.908981
     2503.128900       0.902306
     2503.755600       0.894721
     2504.382700       0.885012
     2505.010000       0.876214
     2505.637700       0.867718
     2506.265700       0.857100
     2506.894000       0.847087
     2507.522600       0.838592
     2508.151500       0.826456
     2508.780700       0.816748
     2509.410300       0.805522
     2510.040200       0.793993
     2510.670300       0.783374
     2511.300900       0.772755
     2511.931700       0.760922
     2512.562800       0.749697
     2513.194300       0.737864
     2513.826000       0.727245
     2514.458100       0.716323
     2515.090500       0.703580
     2515.723300       0.692051
     2516.356300       0.679612
     2516.989700       0.667476
     2517.623400       0.645176
     2518.257400       0.622876
     2518.891700       0.609223
     2519.526300       0.597391
     2520.161300       0.584041
     2520.796600       0.570388
     2521.432200       0.557342
     2522.068100       0.543386
     2522.704300       0.529126
     2523.340900       0.514563
     2523.977800       0.502124
     2524.615000       0.488167
     2525.252500       0.474818
     2525.890400       0.460255
     2526.528500       0.446905
     2527.167000       0.434163
     2527.805900       0.420206
     2528.445000       0.406250
     2529.084500       0.392294
     2529.724300       0.378641
     2530.364400       0.364988
     2531.004800       0.351335
     2531.645600       0.338592
     2532.286700       0.326760
     2532.928100       0.314624
     2533.569800       0.301578
     2534.211900       0.289138
     2534.854200       0.276092
     2535.497000       0.264563
     2536.140000       0.253337
     2536.783400       0.243932
     2537.427000       0.232403
     2538.071100       0.220874
     2538.715400       0.211165
     2539.360100       0.201153
     2540.005100       0.191748
     2540.650400       0.183252
     2541.296100       0.173544
     2541.942000       0.164138
     2542.588400       0.156857
     2543.235000       0.148058
     2543.882000       0.140170
     2544.529300       0.133495
     2545.176900       0.125607
     2545.824800       0.119235
     2546.473100       0.111650
     2547.121800       0.106189
     2547.770700       0.100425
     2548.420000       0.094964
     2549.069600       0.088592
     2549.719500       0.083434
     2550.369800       0.079794
     2551.020400       0.074939
     2551.671300       0.070692
     2552.322600       0.065837
     2552.974200       0.062803
     2553.626100       0.059163
     2554.278400       0.054308
     2554.931000       0.051881
     2555.584000       0.049150
     2556.237200       0.046420
     2556.890800       0.043689
     2557.544800       0.040655
     2558.199000       0.038532
     2558.853600       0.037015
     2559.508600       0.034284
     2560.163900       0.032464
     2560.819500       0.030947
     2561.475400       0.030340
     2562.131700       0.027609
     2562.788300       0.026699
     2563.445300       0.024272
     2564.102600       0.023362
     2564.760200       0.021845
     2565.418200       0.020934
     2566.076500       0.019417
     2566.735100       0.019114
     2567.394100       0.017597
     2568.053400       0.016687
     2568.713100       0.016383
     2569.373100       0.015170
     2570.033400       0.014260
     2570.694100       0.013653
     2571.355100       0.013046
     2572.016500       0.012439
     2572.678200       0.012743
     2573.340200       0.011529
     2574.002600       0.010619
     2574.665300       0.010922
     2575.328400       0.009709
     2575.991800       0.010012
     2576.655500       0.009102
     2577.319600       0.009102
     2577.984000       0.009102
     2578.648800       0.000000
