23,    channel 23 SRF extracted from pub.rar (FY3D_MERSI_SRF_CH23_Pub.txt) (received October 2018)
Number of data points:
169
Wavenumber (cm-1)   Filter response
     1113.585700       0.012663
     1114.206100       0.010621
     1114.827200       0.012255
     1115.449000       0.013480
     1116.071400       0.015523
     1116.694600       0.015931
     1117.318400       0.017974
     1117.943000       0.011846
     1118.568200       0.000000
     1119.194200       0.013480
     1119.820800       0.010212
     1120.448200       0.015931
     1121.076200       0.015114
     1121.705000       0.013072
     1122.334500       0.014706
     1122.964600       0.013480
     1123.595500       0.015523
     1124.227100       0.013889
     1124.859400       0.015114
     1125.492400       0.015931
     1126.126100       0.020833
     1126.760600       0.014706
     1127.395700       0.000000
     1128.031600       0.000000
     1128.668200       0.015523
     1129.305500       0.009804
     1129.943500       0.013480
     1130.582200       0.009804
     1131.221700       0.013072
     1131.861900       0.000000
     1132.502800       0.010621
     1133.144500       0.016748
     1133.786800       0.022059
     1134.429900       0.018791
     1135.073800       0.022467
     1135.718300       0.026961
     1136.363600       0.030637
     1137.009700       0.034314
     1137.656400       0.038807
     1138.303900       0.053105
     1138.952200       0.058007
     1139.601100       0.069036
     1140.250900       0.083333
     1140.901300       0.087418
     1141.552500       0.098856
     1142.204500       0.120915
     1142.857100       0.141748
     1143.510600       0.159314
     1144.164800       0.186275
     1144.819700       0.214869
     1145.475400       0.247141
     1146.131800       0.279412
     1146.789000       0.326797
     1147.446900       0.357843
     1148.105600       0.397059
     1148.765100       0.445261
     1149.425300       0.493464
     1150.086300       0.534314
     1150.748000       0.584150
     1151.410500       0.632353
     1152.073700       0.678513
     1152.737800       0.717320
     1153.402500       0.755310
     1154.068100       0.792484
     1154.734400       0.828840
     1155.401500       0.863971
     1156.069400       0.889297
     1156.738000       0.920752
     1157.407400       0.934232
     1158.077600       0.955474
     1158.748600       0.968137
     1159.420300       0.982435
     1160.092800       0.989379
     1160.766100       0.989788
     1161.440200       0.992239
     1162.115000       0.990605
     1162.790700       0.996732
     1163.467100       0.993056
     1164.144400       1.000000
     1164.822400       0.994690
     1165.501200       0.992647
     1166.180800       0.992647
     1166.861100       0.988154
     1167.542300       0.991013
     1168.224300       0.994281
     1168.907100       0.987337
     1169.590600       0.980392
     1170.275000       0.976716
     1170.960200       0.978350
     1171.646200       0.978758
     1172.332900       0.977533
     1173.020500       0.975490
     1173.708900       0.962827
     1174.398100       0.961601
     1175.088100       0.958333
     1175.779000       0.956699
     1176.470600       0.940768
     1177.163000       0.927696
     1177.856300       0.915850
     1178.550400       0.892565
     1179.245300       0.877451
     1179.941000       0.861111
     1180.637500       0.837418
     1181.334900       0.811275
     1182.033100       0.777778
     1182.732100       0.741830
     1183.432000       0.705065
     1184.132600       0.668709
     1184.834100       0.631944
     1185.536500       0.590278
     1186.239600       0.560458
     1186.943600       0.517157
     1187.648500       0.484069
     1188.354100       0.442402
     1189.060600       0.403186
     1189.768000       0.370507
     1190.476200       0.333742
     1191.185200       0.294118
     1191.895100       0.265523
     1192.605800       0.240605
     1193.317400       0.216912
     1194.029900       0.189951
     1194.743100       0.170752
     1195.457300       0.151144
     1196.172200       0.133170
     1196.888100       0.118464
     1197.604800       0.109477
     1198.322300       0.094771
     1199.040800       0.079248
     1199.760000       0.067402
     1200.480200       0.061275
     1201.201200       0.052288
     1201.923100       0.045343
     1202.645800       0.036356
     1203.369400       0.034314
     1204.093900       0.025735
     1204.819300       0.025327
     1205.545500       0.021650
     1206.272600       0.018382
     1207.000600       0.015523
     1207.729500       0.011846
     1208.459200       0.011846
     1209.189800       0.009395
     1209.921400       0.000000
     1210.653800       0.000000
     1211.387000       0.000000
     1212.121200       0.009804
     1212.856300       0.010212
     1213.592200       0.000000
     1214.329100       0.000000
     1215.066800       0.000000
     1215.805500       0.000000
     1216.545000       0.009804
     1217.285500       0.012663
     1218.026800       0.010621
     1218.769000       0.011029
     1219.512200       0.013072
     1220.256300       0.012663
     1221.001200       0.012255
     1221.747100       0.010621
     1222.493900       0.009395
     1223.241600       0.012255
     1223.990200       0.000000
     1224.739700       0.016340
     1225.490200       0.014297
     1226.241600       0.013072
     1226.993900       0.013072
     1227.747100       0.013072
     1228.501200       0.000000
