1,    channel 1 SRF extracted from pub.rar (FY3D_MERSI_SRF_CH01_Pub.txt) (received October 2018)
Number of data points:
176
Wavenumber (cm-1)   Filter response
    19361.084200       0.000000
    19379.845000       0.000000
    19398.642100       0.000000
    19417.475700       0.000000
    19436.346000       0.000000
    19455.252900       0.000000
    19474.196700       0.000000
    19493.177400       0.000000
    19512.195100       0.010684
    19531.250000       0.012821
    19550.342100       0.012821
    19569.471600       0.010684
    19588.638600       0.010684
    19607.843100       0.010684
    19627.085400       0.012821
    19646.365400       0.012821
    19665.683400       0.014957
    19685.039400       0.017094
    19704.433500       0.019231
    19723.865900       0.021368
    19743.336600       0.023504
    19762.845800       0.023504
    19782.393700       0.027778
    19801.980200       0.029915
    19821.605600       0.034188
    19841.269800       0.038462
    19860.973200       0.044872
    19880.715700       0.049145
    19900.497500       0.053419
    19920.318700       0.057692
    19940.179500       0.066239
    19960.079800       0.074786
    19980.020000       0.087607
    20000.000000       0.098291
    20020.020000       0.111111
    20040.080200       0.123932
    20060.180500       0.145299
    20080.321300       0.166667
    20100.502500       0.192308
    20120.724300       0.217949
    20140.986900       0.250000
    20161.290300       0.279915
    20181.634700       0.320513
    20202.020200       0.358974
    20222.446900       0.403846
    20242.915000       0.448718
    20263.424500       0.491453
    20283.975700       0.532051
    20304.568500       0.574786
    20325.203300       0.615385
    20345.880000       0.653846
    20366.598800       0.690171
    20387.359800       0.724359
    20408.163300       0.758547
    20429.009200       0.782051
    20449.897800       0.803419
    20470.829100       0.831197
    20491.803300       0.858974
    20512.820500       0.876068
    20533.880900       0.891026
    20554.984600       0.910256
    20576.131700       0.929487
    20597.322300       0.944444
    20618.556700       0.959402
    20639.834900       0.967949
    20661.157000       0.976496
    20682.523300       0.982906
    20703.933700       0.987179
    20725.388600       0.993590
    20746.888000       0.997863
    20768.432000       1.000000
    20790.020800       1.000000
    20811.654500       1.000000
    20833.333300       0.997863
    20855.057400       0.989316
    20876.826700       0.980769
    20898.641600       0.976496
    20920.502100       0.970085
    20942.408400       0.955128
    20964.360600       0.940171
    20986.358900       0.935897
    21008.403400       0.931624
    21030.494200       0.925214
    21052.631600       0.918803
    21074.815600       0.903846
    21097.046400       0.888889
    21119.324200       0.884615
    21141.649000       0.878205
    21164.021200       0.869658
    21186.440700       0.858974
    21208.907700       0.852564
    21231.422500       0.846154
    21253.985100       0.839744
    21276.595700       0.831197
    21299.254500       0.820513
    21321.961600       0.807692
    21344.717200       0.794872
    21367.521400       0.782051
    21390.374300       0.775641
    21413.276200       0.767094
    21436.227200       0.752137
    21459.227500       0.737179
    21482.277100       0.726496
    21505.376300       0.715812
    21528.525300       0.711538
    21551.724100       0.705128
    21574.973000       0.696581
    21598.272100       0.688034
    21621.621600       0.688034
    21645.021600       0.688034
    21668.472400       0.683761
    21691.974000       0.679487
    21715.526600       0.683761
    21739.130400       0.688034
    21762.785600       0.688034
    21786.492400       0.685897
    21810.250800       0.690171
    21834.061100       0.692308
    21857.923500       0.692308
    21881.838100       0.690171
    21905.805000       0.685897
    21929.824600       0.681624
    21953.896800       0.664530
    21978.022000       0.645299
    22002.200200       0.634615
    22026.431700       0.623932
    22050.716600       0.608974
    22075.055200       0.591880
    22099.447500       0.574786
    22123.893800       0.557692
    22148.394200       0.547009
    22172.949000       0.534188
    22197.558300       0.523504
    22222.222200       0.510684
    22246.941000       0.493590
    22271.714900       0.476496
    22296.544000       0.463675
    22321.428600       0.448718
    22346.368700       0.440171
    22371.364700       0.429487
    22396.416600       0.420940
    22421.524700       0.412393
    22446.689100       0.403846
    22471.910100       0.395299
    22497.187900       0.384615
    22522.522500       0.373932
    22547.914300       0.358974
    22573.363400       0.341880
    22598.870100       0.324786
    22624.434400       0.305556
    22650.056600       0.284188
    22675.737000       0.262821
    22701.475600       0.243590
    22727.272700       0.222222
    22753.128600       0.202991
    22779.043300       0.183761
    22805.017100       0.166667
    22831.050200       0.147436
    22857.142900       0.132479
    22883.295200       0.115385
    22909.507400       0.102564
    22935.779800       0.087607
    22962.112500       0.076923
    22988.505700       0.064103
    23014.959700       0.057692
    23041.474700       0.049145
    23068.050700       0.042735
    23094.688200       0.034188
    23121.387300       0.029915
    23148.148100       0.023504
    23174.971000       0.021368
    23201.856100       0.017094
    23228.803700       0.012821
    23255.814000       0.000000
    23282.887100       0.000000
    23310.023300       0.000000
