28 , eos_01_modis_28.flt  shift of 2.00cm-1 applied
Number of data points:
529
Wavenumber (cm-1)   Filter response
     1300.000000       0.000000
     1300.250000       0.010451
     1300.500000       0.010878
     1300.750000       0.011305
     1301.000000       0.011730
     1301.250000       0.011276
     1301.500000       0.011737
     1301.750000       0.012216
     1302.000000       0.012698
     1302.250000       0.012233
     1302.500000       0.011652
     1302.750000       0.012063
     1303.000000       0.012472
     1303.250000       0.012877
     1303.500000       0.012764
     1303.750000       0.012693
     1304.000000       0.012672
     1304.250000       0.013005
     1304.500000       0.013338
     1304.750000       0.013310
     1305.000000       0.013298
     1305.250000       0.013656
     1305.500000       0.014031
     1305.750000       0.014427
     1306.000000       0.014848
     1306.250000       0.015300
     1306.500000       0.015784
     1306.750000       0.016300
     1307.000000       0.016847
     1307.250000       0.017422
     1307.500000       0.018020
     1307.750000       0.018638
     1308.000000       0.019271
     1308.250000       0.019916
     1308.500000       0.020569
     1308.750000       0.021226
     1309.000000       0.021887
     1309.250000       0.022548
     1309.500000       0.023207
     1309.750000       0.023868
     1310.000000       0.024536
     1310.250000       0.025215
     1310.500000       0.025909
     1310.750000       0.026621
     1311.000000       0.027356
     1311.250000       0.028119
     1311.500000       0.028912
     1311.750000       0.029736
     1312.000000       0.030591
     1312.250000       0.031474
     1312.500000       0.032386
     1312.750000       0.033328
     1313.000000       0.034302
     1313.250000       0.035309
     1313.500000       0.036350
     1313.750000       0.037426
     1314.000000       0.038537
     1314.250000       0.039680
     1314.500000       0.040852
     1314.750000       0.042047
     1315.000000       0.043261
     1315.250000       0.044502
     1315.500000       0.045774
     1315.750000       0.047085
     1316.000000       0.048443
     1316.250000       0.049856
     1316.500000       0.051333
     1316.750000       0.052879
     1317.000000       0.054498
     1317.250000       0.056186
     1317.500000       0.057937
     1317.750000       0.059753
     1318.000000       0.061633
     1318.250000       0.063581
     1318.500000       0.065597
     1318.750000       0.067684
     1319.000000       0.069852
     1319.250000       0.072098
     1319.500000       0.074423
     1319.750000       0.076837
     1320.000000       0.079347
     1320.250000       0.081959
     1320.500000       0.084685
     1320.750000       0.087529
     1321.000000       0.090500
     1321.250000       0.093600
     1321.500000       0.096841
     1321.750000       0.100228
     1322.000000       0.103741
     1322.250000       0.107380
     1322.500000       0.111144
     1322.750000       0.115034
     1323.000000       0.119063
     1323.250000       0.123236
     1323.500000       0.127567
     1323.750000       0.132058
     1324.000000       0.136726
     1324.250000       0.141589
     1324.500000       0.146640
     1324.750000       0.151879
     1325.000000       0.157309
     1325.250000       0.162937
     1325.500000       0.168769
     1325.750000       0.174825
     1326.000000       0.181124
     1326.250000       0.187680
     1326.500000       0.194502
     1326.750000       0.201602
     1327.000000       0.208988
     1327.250000       0.216658
     1327.500000       0.224598
     1327.750000       0.232787
     1328.000000       0.241208
     1328.250000       0.249850
     1328.500000       0.258716
     1328.750000       0.267806
     1329.000000       0.277128
     1329.250000       0.286678
     1329.500000       0.296443
     1329.750000       0.306450
     1330.000000       0.316711
     1330.250000       0.327218
     1330.500000       0.337956
     1330.750000       0.348900
     1331.000000       0.360019
     1331.250000       0.371292
     1331.500000       0.382694
     1331.750000       0.394211
     1332.000000       0.405812
     1332.250000       0.417479
     1332.500000       0.429231
     1332.750000       0.441073
     1333.000000       0.453016
     1333.250000       0.465084
     1333.500000       0.477264
     1333.750000       0.489529
     1334.000000       0.501851
     1334.250000       0.514204
     1334.500000       0.526558
     1334.750000       0.538869
     1335.000000       0.551120
     1335.250000       0.563328
     1335.500000       0.575487
     1335.750000       0.587609
     1336.000000       0.599695
     1336.250000       0.611699
     1336.500000       0.623586
     1336.750000       0.635307
     1337.000000       0.646830
     1337.250000       0.658109
     1337.500000       0.669098
     1337.750000       0.679786
     1338.000000       0.690182
     1338.250000       0.700312
     1338.500000       0.710201
     1338.750000       0.719862
     1339.000000       0.729289
     1339.250000       0.738480
     1339.500000       0.747433
     1339.750000       0.756141
     1340.000000       0.764598
     1340.250000       0.772797
     1340.500000       0.780717
     1340.750000       0.788373
     1341.000000       0.795776
     1341.250000       0.802929
     1341.500000       0.809828
     1341.750000       0.816470
     1342.000000       0.822850
     1342.250000       0.828963
     1342.500000       0.834805
     1342.750000       0.840374
     1343.000000       0.845658
     1343.250000       0.850639
     1343.500000       0.855337
     1343.750000       0.859765
     1344.000000       0.863926
     1344.250000       0.867830
     1344.500000       0.871486
     1344.750000       0.874910
     1345.000000       0.878114
     1345.250000       0.881112
     1345.500000       0.883921
     1345.750000       0.886549
     1346.000000       0.888979
     1346.250000       0.891182
     1346.500000       0.893139
     1346.750000       0.894855
     1347.000000       0.896360
     1347.250000       0.897677
     1347.500000       0.898839
     1347.750000       0.899875
     1348.000000       0.900818
     1348.250000       0.901703
     1348.500000       0.902568
     1348.750000       0.903435
     1349.000000       0.904278
     1349.250000       0.905071
     1349.500000       0.905804
     1349.750000       0.906480
     1350.000000       0.907099
     1350.250000       0.907663
     1350.500000       0.908169
     1350.750000       0.908620
     1351.000000       0.909020
     1351.250000       0.909355
     1351.500000       0.909618
     1351.750000       0.909805
     1352.000000       0.909916
     1352.250000       0.909961
     1352.500000       0.909954
     1352.750000       0.909908
     1353.000000       0.909840
     1353.250000       0.909759
     1353.500000       0.909690
     1353.750000       0.909655
     1354.000000       0.909649
     1354.250000       0.909682
     1354.500000       0.909758
     1354.750000       0.909877
     1355.000000       0.910041
     1355.250000       0.910260
     1355.500000       0.910536
     1355.750000       0.910875
     1356.000000       0.911278
     1356.250000       0.911751
     1356.500000       0.912299
     1356.750000       0.912925
     1357.000000       0.913638
     1357.250000       0.914447
     1357.500000       0.915348
     1357.750000       0.916332
     1358.000000       0.917388
     1358.250000       0.918500
     1358.500000       0.919657
     1358.750000       0.920849
     1359.000000       0.922063
     1359.250000       0.923283
     1359.500000       0.924499
     1359.750000       0.925709
     1360.000000       0.926920
     1360.250000       0.928131
     1360.500000       0.929340
     1360.750000       0.930552
     1361.000000       0.931777
     1361.250000       0.933020
     1361.500000       0.934287
     1361.750000       0.935586
     1362.000000       0.936924
     1362.250000       0.938300
     1362.500000       0.939720
     1362.750000       0.941196
     1363.000000       0.942736
     1363.250000       0.944333
     1363.500000       0.945984
     1363.750000       0.947686
     1364.000000       0.949437
     1364.250000       0.951228
     1364.500000       0.953053
     1364.750000       0.954903
     1365.000000       0.956773
     1365.250000       0.958654
     1365.500000       0.960549
     1365.750000       0.962463
     1366.000000       0.964396
     1366.250000       0.966339
     1366.500000       0.968286
     1366.750000       0.970227
     1367.000000       0.972161
     1367.250000       0.974078
     1367.500000       0.975964
     1367.750000       0.977820
     1368.000000       0.979659
     1368.250000       0.981475
     1368.500000       0.983263
     1368.750000       0.985020
     1369.000000       0.986728
     1369.250000       0.988377
     1369.500000       0.989953
     1369.750000       0.991444
     1370.000000       0.992839
     1370.250000       0.994118
     1370.500000       0.995269
     1370.750000       0.996302
     1371.000000       0.997197
     1371.250000       0.997949
     1371.500000       0.998567
     1371.750000       0.999061
     1372.000000       0.999438
     1372.250000       0.999711
     1372.500000       0.999889
     1372.750000       0.999983
     1373.000000       1.000000
     1373.250000       0.999948
     1373.500000       0.999840
     1373.750000       0.999671
     1374.000000       0.999434
     1374.250000       0.999129
     1374.500000       0.998755
     1374.750000       0.998297
     1375.000000       0.997745
     1375.250000       0.997084
     1375.500000       0.996304
     1375.750000       0.995388
     1376.000000       0.994317
     1376.250000       0.993093
     1376.500000       0.991708
     1376.750000       0.990153
     1377.000000       0.988430
     1377.250000       0.986546
     1377.500000       0.984494
     1377.750000       0.982270
     1378.000000       0.979867
     1378.250000       0.977283
     1378.500000       0.974516
     1378.750000       0.971562
     1379.000000       0.968423
     1379.250000       0.965108
     1379.500000       0.961616
     1379.750000       0.957956
     1380.000000       0.954136
     1380.250000       0.950164
     1380.500000       0.946035
     1380.750000       0.941747
     1381.000000       0.937296
     1381.250000       0.932676
     1381.500000       0.927889
     1381.750000       0.922932
     1382.000000       0.917784
     1382.250000       0.912469
     1382.500000       0.907006
     1382.750000       0.901401
     1383.000000       0.895650
     1383.250000       0.889753
     1383.500000       0.883702
     1383.750000       0.877495
     1384.000000       0.871122
     1384.250000       0.864581
     1384.500000       0.857870
     1384.750000       0.850971
     1385.000000       0.843867
     1385.250000       0.836597
     1385.500000       0.829169
     1385.750000       0.821566
     1386.000000       0.813791
     1386.250000       0.805843
     1386.500000       0.797725
     1386.750000       0.789441
     1387.000000       0.780995
     1387.250000       0.772398
     1387.500000       0.763660
     1387.750000       0.754768
     1388.000000       0.745731
     1388.250000       0.736568
     1388.500000       0.727275
     1388.750000       0.717852
     1389.000000       0.708319
     1389.250000       0.698688
     1389.500000       0.688979
     1389.750000       0.679204
     1390.000000       0.669382
     1390.250000       0.659534
     1390.500000       0.649671
     1390.750000       0.639783
     1391.000000       0.629844
     1391.250000       0.619848
     1391.500000       0.609795
     1391.750000       0.599696
     1392.000000       0.589573
     1392.250000       0.579445
     1392.500000       0.569331
     1392.750000       0.559247
     1393.000000       0.549212
     1393.250000       0.539247
     1393.500000       0.529369
     1393.750000       0.519563
     1394.000000       0.509788
     1394.250000       0.500034
     1394.500000       0.490304
     1394.750000       0.480611
     1395.000000       0.470974
     1395.250000       0.461405
     1395.500000       0.451921
     1395.750000       0.442532
     1396.000000       0.433250
     1396.250000       0.424089
     1396.500000       0.415062
     1396.750000       0.406151
     1397.000000       0.397320
     1397.250000       0.388556
     1397.500000       0.379861
     1397.750000       0.371240
     1398.000000       0.362700
     1398.250000       0.354248
     1398.500000       0.345896
     1398.750000       0.337650
     1399.000000       0.329520
     1399.250000       0.321519
     1399.500000       0.313661
     1399.750000       0.305935
     1400.000000       0.298331
     1400.250000       0.290842
     1400.500000       0.283469
     1400.750000       0.276205
     1401.000000       0.269045
     1401.250000       0.261989
     1401.500000       0.255035
     1401.750000       0.248186
     1402.000000       0.241443
     1402.250000       0.234806
     1402.500000       0.228281
     1402.750000       0.221871
     1403.000000       0.215581
     1403.250000       0.209417
     1403.500000       0.203384
     1403.750000       0.197479
     1404.000000       0.191703
     1404.250000       0.186056
     1404.500000       0.180535
     1404.750000       0.175146
     1405.000000       0.169889
     1405.250000       0.164757
     1405.500000       0.159757
     1405.750000       0.154904
     1406.000000       0.150205
     1406.250000       0.145660
     1406.500000       0.141266
     1406.750000       0.137017
     1407.000000       0.132906
     1407.250000       0.128924
     1407.500000       0.125062
     1407.750000       0.121311
     1408.000000       0.117661
     1408.250000       0.114098
     1408.500000       0.110628
     1408.750000       0.107258
     1409.000000       0.103992
     1409.250000       0.100830
     1409.500000       0.097764
     1409.750000       0.094793
     1410.000000       0.091913
     1410.250000       0.089121
     1410.500000       0.086412
     1410.750000       0.083780
     1411.000000       0.081219
     1411.250000       0.078729
     1411.500000       0.076314
     1411.750000       0.073978
     1412.000000       0.071723
     1412.250000       0.069542
     1412.500000       0.067431
     1412.750000       0.065386
     1413.000000       0.063402
     1413.250000       0.061478
     1413.500000       0.059608
     1413.750000       0.057787
     1414.000000       0.056015
     1414.250000       0.054295
     1414.500000       0.052628
     1414.750000       0.051019
     1415.000000       0.049466
     1415.250000       0.047969
     1415.500000       0.046525
     1415.750000       0.045132
     1416.000000       0.043787
     1416.250000       0.042488
     1416.500000       0.041231
     1416.750000       0.040011
     1417.000000       0.038826
     1417.250000       0.037675
     1417.500000       0.036560
     1417.750000       0.035484
     1418.000000       0.034446
     1418.250000       0.033448
     1418.500000       0.032485
     1418.750000       0.031557
     1419.000000       0.030661
     1419.250000       0.029798
     1419.500000       0.028964
     1419.750000       0.028157
     1420.000000       0.027376
     1420.250000       0.026621
     1420.500000       0.025892
     1420.750000       0.025187
     1421.000000       0.024508
     1421.250000       0.023854
     1421.500000       0.023222
     1421.750000       0.022612
     1422.000000       0.022022
     1422.250000       0.021449
     1422.500000       0.020892
     1422.750000       0.020348
     1423.000000       0.019817
     1423.250000       0.019301
     1423.500000       0.018800
     1423.750000       0.018315
     1424.000000       0.017845
     1424.250000       0.017392
     1424.500000       0.016954
     1424.750000       0.016531
     1425.000000       0.016124
     1425.250000       0.015731
     1425.500000       0.015351
     1425.750000       0.014983
     1426.000000       0.014626
     1426.250000       0.014280
     1426.500000       0.013944
     1426.750000       0.013618
     1427.000000       0.013302
     1427.250000       0.012996
     1427.500000       0.012700
     1427.750000       0.012415
     1428.000000       0.012139
     1428.250000       0.012073
     1428.500000       0.011805
     1428.750000       0.011539
     1429.000000       0.011431
     1429.250000       0.011354
     1429.500000       0.011297
     1429.750000       0.011594
     1430.000000       0.011824
     1430.250000       0.011547
     1430.500000       0.011274
     1430.750000       0.011005
     1431.000000       0.010740
     1431.250000       0.010767
     1431.500000       0.010469
     1431.750000       0.010173
     1432.000000       0.000000
