  22 , eos_01_modis_22.flt
Number of data points:
465
Wavenumber (cm-1)   Filter response
     2462.000000       0.000000
     2462.250000       0.000000
     2462.500000       0.000000
     2462.750000       0.000000
     2463.000000       0.010355
     2463.250000       0.010745
     2463.500000       0.011141
     2463.750000       0.011544
     2464.000000       0.011025
     2464.250000       0.010962
     2464.500000       0.011281
     2464.750000       0.011655
     2465.000000       0.011262
     2465.250000       0.011375
     2465.500000       0.011489
     2465.750000       0.011525
     2466.000000       0.011770
     2466.250000       0.012201
     2466.500000       0.012646
     2466.750000       0.013104
     2467.000000       0.013581
     2467.250000       0.014081
     2467.500000       0.014600
     2467.750000       0.015141
     2468.000000       0.015708
     2468.250000       0.016302
     2468.500000       0.016925
     2468.750000       0.017578
     2469.000000       0.018263
     2469.250000       0.018976
     2469.500000       0.019715
     2469.750000       0.020481
     2470.000000       0.021279
     2470.250000       0.022114
     2470.500000       0.022987
     2470.750000       0.023901
     2471.000000       0.024858
     2471.250000       0.025859
     2471.500000       0.026905
     2471.750000       0.027999
     2472.000000       0.029141
     2472.250000       0.030324
     2472.500000       0.031546
     2472.750000       0.032810
     2473.000000       0.034122
     2473.250000       0.035488
     2473.500000       0.036912
     2473.750000       0.038398
     2474.000000       0.039950
     2474.250000       0.041572
     2474.500000       0.043261
     2474.750000       0.045022
     2475.000000       0.046851
     2475.250000       0.048747
     2475.500000       0.050707
     2475.750000       0.052734
     2476.000000       0.054838
     2476.250000       0.057028
     2476.500000       0.059313
     2476.750000       0.061698
     2477.000000       0.064188
     2477.250000       0.066788
     2477.500000       0.069491
     2477.750000       0.072306
     2478.000000       0.075234
     2478.250000       0.078263
     2478.500000       0.081392
     2478.750000       0.084626
     2479.000000       0.087981
     2479.250000       0.091477
     2479.500000       0.095130
     2479.750000       0.098947
     2480.000000       0.102941
     2480.250000       0.107116
     2480.500000       0.111475
     2480.750000       0.116011
     2481.000000       0.120731
     2481.250000       0.125631
     2481.500000       0.130713
     2481.750000       0.135981
     2482.000000       0.141448
     2482.250000       0.147134
     2482.500000       0.153062
     2482.750000       0.159244
     2483.000000       0.165692
     2483.250000       0.172414
     2483.500000       0.179413
     2483.750000       0.186675
     2484.000000       0.194214
     2484.250000       0.202031
     2484.500000       0.210143
     2484.750000       0.218551
     2485.000000       0.227271
     2485.250000       0.236329
     2485.500000       0.245755
     2485.750000       0.255576
     2486.000000       0.265814
     2486.250000       0.276477
     2486.500000       0.287579
     2486.750000       0.299132
     2487.000000       0.311139
     2487.250000       0.323596
     2487.500000       0.336508
     2487.750000       0.349859
     2488.000000       0.363624
     2488.250000       0.377776
     2488.500000       0.392285
     2488.750000       0.407126
     2489.000000       0.422285
     2489.250000       0.437740
     2489.500000       0.453499
     2489.750000       0.469595
     2490.000000       0.486027
     2490.250000       0.502783
     2490.500000       0.519856
     2490.750000       0.537237
     2491.000000       0.554910
     2491.250000       0.572801
     2491.500000       0.590809
     2491.750000       0.608833
     2492.000000       0.626823
     2492.250000       0.644706
     2492.500000       0.662439
     2492.750000       0.679991
     2493.000000       0.697383
     2493.250000       0.714556
     2493.500000       0.731569
     2493.750000       0.748412
     2494.000000       0.765129
     2494.250000       0.781683
     2494.500000       0.797964
     2494.750000       0.813858
     2495.000000       0.829274
     2495.250000       0.844162
     2495.500000       0.858432
     2495.750000       0.872014
     2496.000000       0.884869
     2496.250000       0.896946
     2496.500000       0.908231
     2496.750000       0.918743
     2497.000000       0.928556
     2497.250000       0.937711
     2497.500000       0.946218
     2497.750000       0.954081
     2498.000000       0.961306
     2498.250000       0.967890
     2498.500000       0.973843
     2498.750000       0.979169
     2499.000000       0.983875
     2499.250000       0.987960
     2499.500000       0.991431
     2499.750000       0.994263
     2500.000000       0.996497
     2500.250000       0.998147
     2500.500000       0.999241
     2500.750000       0.999838
     2501.000000       1.000000
     2501.250000       0.999772
     2501.500000       0.999173
     2501.750000       0.998251
     2502.000000       0.997016
     2502.250000       0.995479
     2502.500000       0.993633
     2502.750000       0.991493
     2503.000000       0.989035
     2503.250000       0.986200
     2503.500000       0.982976
     2503.750000       0.979411
     2504.000000       0.975599
     2504.250000       0.971637
     2504.500000       0.967607
     2504.750000       0.963570
     2505.000000       0.959594
     2505.250000       0.955743
     2505.500000       0.952038
     2505.750000       0.948541
     2506.000000       0.945261
     2506.250000       0.942177
     2506.500000       0.939235
     2506.750000       0.936411
     2507.000000       0.933711
     2507.250000       0.931146
     2507.500000       0.928728
     2507.750000       0.926442
     2508.000000       0.924289
     2508.250000       0.922272
     2508.500000       0.920385
     2508.750000       0.918628
     2509.000000       0.916999
     2509.250000       0.915479
     2509.500000       0.914058
     2509.750000       0.912737
     2510.000000       0.911521
     2510.250000       0.910420
     2510.500000       0.909444
     2510.750000       0.908601
     2511.000000       0.907901
     2511.250000       0.907358
     2511.500000       0.906985
     2511.750000       0.906793
     2512.000000       0.906788
     2512.250000       0.906986
     2512.500000       0.907390
     2512.750000       0.907996
     2513.000000       0.908798
     2513.250000       0.909778
     2513.500000       0.910913
     2513.750000       0.912182
     2514.000000       0.913570
     2514.250000       0.915057
     2514.500000       0.916619
     2514.750000       0.918237
     2515.000000       0.919901
     2515.250000       0.921598
     2515.500000       0.923335
     2515.750000       0.925109
     2516.000000       0.926930
     2516.250000       0.928806
     2516.500000       0.930726
     2516.750000       0.932677
     2517.000000       0.934645
     2517.250000       0.936643
     2517.500000       0.938665
     2517.750000       0.940698
     2518.000000       0.942735
     2518.250000       0.944765
     2518.500000       0.946786
     2518.750000       0.948809
     2519.000000       0.950846
     2519.250000       0.952900
     2519.500000       0.954960
     2519.750000       0.957009
     2520.000000       0.959025
     2520.250000       0.960996
     2520.500000       0.962914
     2520.750000       0.964765
     2521.000000       0.966538
     2521.250000       0.968223
     2521.500000       0.969811
     2521.750000       0.971302
     2522.000000       0.972696
     2522.250000       0.974006
     2522.500000       0.975245
     2522.750000       0.976419
     2523.000000       0.977527
     2523.250000       0.978573
     2523.500000       0.979549
     2523.750000       0.980449
     2524.000000       0.981279
     2524.250000       0.982046
     2524.500000       0.982754
     2524.750000       0.983402
     2525.000000       0.983992
     2525.250000       0.984537
     2525.500000       0.985046
     2525.750000       0.985507
     2526.000000       0.985902
     2526.250000       0.986216
     2526.500000       0.986434
     2526.750000       0.986541
     2527.000000       0.986524
     2527.250000       0.986372
     2527.500000       0.986085
     2527.750000       0.985658
     2528.000000       0.985079
     2528.250000       0.984356
     2528.500000       0.983504
     2528.750000       0.982532
     2529.000000       0.981436
     2529.250000       0.980204
     2529.500000       0.978823
     2529.750000       0.977296
     2530.000000       0.975629
     2530.250000       0.973806
     2530.500000       0.971807
     2530.750000       0.969628
     2531.000000       0.967260
     2531.250000       0.964693
     2531.500000       0.961926
     2531.750000       0.958953
     2532.000000       0.955766
     2532.250000       0.952363
     2532.500000       0.948733
     2532.750000       0.944867
     2533.000000       0.940761
     2533.250000       0.936423
     2533.500000       0.931856
     2533.750000       0.927066
     2534.000000       0.922068
     2534.250000       0.916866
     2534.500000       0.911454
     2534.750000       0.905834
     2535.000000       0.899999
     2535.250000       0.893943
     2535.500000       0.887668
     2535.750000       0.881180
     2536.000000       0.874482
     2536.250000       0.867566
     2536.500000       0.860422
     2536.750000       0.853060
     2537.000000       0.845497
     2537.250000       0.837735
     2537.500000       0.829783
     2537.750000       0.821632
     2538.000000       0.813266
     2538.250000       0.804666
     2538.500000       0.795830
     2538.750000       0.786763
     2539.000000       0.777481
     2539.250000       0.768002
     2539.500000       0.758333
     2539.750000       0.748480
     2540.000000       0.738461
     2540.250000       0.728293
     2540.500000       0.717982
     2540.750000       0.707553
     2541.000000       0.697011
     2541.250000       0.686341
     2541.500000       0.675536
     2541.750000       0.664603
     2542.000000       0.653566
     2542.250000       0.642450
     2542.500000       0.631278
     2542.750000       0.620060
     2543.000000       0.608816
     2543.250000       0.597538
     2543.500000       0.586235
     2543.750000       0.574886
     2544.000000       0.563511
     2544.250000       0.552122
     2544.500000       0.540724
     2544.750000       0.529317
     2545.000000       0.517911
     2545.250000       0.506525
     2545.500000       0.495181
     2545.750000       0.483900
     2546.000000       0.472696
     2546.250000       0.461588
     2546.500000       0.450574
     2546.750000       0.439654
     2547.000000       0.428802
     2547.250000       0.418023
     2547.500000       0.407309
     2547.750000       0.396657
     2548.000000       0.386073
     2548.250000       0.375567
     2548.500000       0.365156
     2548.750000       0.354863
     2549.000000       0.344711
     2549.250000       0.334717
     2549.500000       0.324896
     2549.750000       0.315257
     2550.000000       0.305814
     2550.250000       0.296564
     2550.500000       0.287521
     2550.750000       0.278675
     2551.000000       0.270022
     2551.250000       0.261553
     2551.500000       0.253261
     2551.750000       0.245152
     2552.000000       0.237232
     2552.250000       0.229509
     2552.500000       0.221983
     2552.750000       0.214658
     2553.000000       0.207539
     2553.250000       0.200635
     2553.500000       0.193950
     2553.750000       0.187487
     2554.000000       0.181243
     2554.250000       0.175216
     2554.500000       0.169396
     2554.750000       0.163772
     2555.000000       0.158333
     2555.250000       0.153068
     2555.500000       0.147967
     2555.750000       0.143020
     2556.000000       0.138216
     2556.250000       0.133548
     2556.500000       0.129013
     2556.750000       0.124615
     2557.000000       0.120349
     2557.250000       0.116214
     2557.500000       0.112216
     2557.750000       0.108356
     2558.000000       0.104634
     2558.250000       0.101046
     2558.500000       0.097580
     2558.750000       0.094229
     2559.000000       0.090985
     2559.250000       0.087848
     2559.500000       0.084812
     2559.750000       0.081876
     2560.000000       0.079041
     2560.250000       0.076301
     2560.500000       0.073658
     2560.750000       0.071116
     2561.000000       0.068681
     2561.250000       0.066352
     2561.500000       0.064123
     2561.750000       0.061987
     2562.000000       0.059933
     2562.250000       0.057956
     2562.500000       0.056052
     2562.750000       0.054215
     2563.000000       0.052439
     2563.250000       0.050725
     2563.500000       0.049070
     2563.750000       0.047470
     2564.000000       0.045927
     2564.250000       0.044443
     2564.500000       0.043021
     2564.750000       0.041656
     2565.000000       0.040344
     2565.250000       0.039078
     2565.500000       0.037854
     2565.750000       0.036671
     2566.000000       0.035526
     2566.250000       0.034414
     2566.500000       0.033337
     2566.750000       0.032293
     2567.000000       0.031281
     2567.250000       0.030304
     2567.500000       0.029362
     2567.750000       0.028459
     2568.000000       0.027592
     2568.250000       0.026759
     2568.500000       0.025955
     2568.750000       0.025179
     2569.000000       0.024429
     2569.250000       0.023704
     2569.500000       0.023001
     2569.750000       0.022320
     2570.000000       0.021662
     2570.250000       0.021023
     2570.500000       0.020405
     2570.750000       0.019806
     2571.000000       0.019228
     2571.250000       0.018672
     2571.500000       0.018136
     2571.750000       0.017617
     2572.000000       0.017115
     2572.250000       0.016628
     2572.500000       0.016155
     2572.750000       0.015697
     2573.000000       0.015251
     2573.250000       0.014821
     2573.500000       0.014404
     2573.750000       0.014002
     2574.000000       0.013615
     2574.250000       0.013244
     2574.500000       0.012888
     2574.750000       0.012546
     2575.000000       0.012216
     2575.250000       0.011896
     2575.500000       0.011586
     2575.750000       0.011286
     2576.000000       0.010996
     2576.250000       0.010718
     2576.500000       0.010456
     2576.750000       0.010284
     2577.000000       0.010351
     2577.250000       0.010603
     2577.500000       0.010413
     2577.750000       0.010230
     2578.000000       0.000000
