  25 , eos_01_modis_25.flt
Number of data points:
361
Wavenumber (cm-1)   Filter response
     2158.000000       0.000000
     2158.250000       0.010063
     2158.500000       0.010680
     2158.750000       0.011014
     2159.000000       0.011801
     2159.250000       0.012694
     2159.500000       0.013653
     2159.750000       0.014670
     2160.000000       0.015757
     2160.250000       0.014201
     2160.500000       0.014520
     2160.750000       0.015452
     2161.000000       0.015155
     2161.250000       0.016073
     2161.500000       0.017047
     2161.750000       0.018081
     2162.000000       0.019177
     2162.250000       0.020336
     2162.500000       0.021540
     2162.750000       0.022779
     2163.000000       0.024063
     2163.250000       0.025405
     2163.500000       0.026815
     2163.750000       0.028308
     2164.000000       0.029895
     2164.250000       0.031582
     2164.500000       0.033375
     2164.750000       0.035260
     2165.000000       0.037221
     2165.250000       0.039263
     2165.500000       0.041404
     2165.750000       0.043659
     2166.000000       0.046044
     2166.250000       0.048577
     2166.500000       0.051266
     2166.750000       0.054124
     2167.000000       0.057141
     2167.250000       0.060287
     2167.500000       0.063549
     2167.750000       0.066966
     2168.000000       0.070574
     2168.250000       0.074406
     2168.500000       0.078512
     2168.750000       0.082918
     2169.000000       0.087649
     2169.250000       0.092714
     2169.500000       0.098094
     2169.750000       0.103748
     2170.000000       0.109679
     2170.250000       0.115919
     2170.500000       0.122475
     2170.750000       0.129381
     2171.000000       0.136677
     2171.250000       0.144376
     2171.500000       0.152509
     2171.750000       0.161112
     2172.000000       0.170217
     2172.250000       0.179823
     2172.500000       0.189939
     2172.750000       0.200572
     2173.000000       0.211719
     2173.250000       0.223376
     2173.500000       0.235525
     2173.750000       0.248128
     2174.000000       0.261200
     2174.250000       0.274784
     2174.500000       0.288892
     2174.750000       0.303505
     2175.000000       0.318588
     2175.250000       0.334134
     2175.500000       0.350105
     2175.750000       0.366453
     2176.000000       0.383131
     2176.250000       0.400098
     2176.500000       0.417378
     2176.750000       0.435025
     2177.000000       0.453050
     2177.250000       0.471376
     2177.500000       0.489949
     2177.750000       0.508727
     2178.000000       0.527617
     2178.250000       0.546627
     2178.500000       0.565716
     2178.750000       0.584809
     2179.000000       0.603905
     2179.250000       0.623073
     2179.500000       0.642215
     2179.750000       0.661180
     2180.000000       0.679872
     2180.250000       0.698154
     2180.500000       0.715960
     2180.750000       0.733344
     2181.000000       0.750215
     2181.250000       0.766541
     2181.500000       0.782364
     2181.750000       0.797736
     2182.000000       0.812589
     2182.250000       0.826855
     2182.500000       0.840475
     2182.750000       0.853397
     2183.000000       0.865634
     2183.250000       0.877187
     2183.500000       0.888069
     2183.750000       0.898300
     2184.000000       0.907907
     2184.250000       0.916899
     2184.500000       0.925279
     2184.750000       0.933027
     2185.000000       0.940139
     2185.250000       0.946588
     2185.500000       0.952313
     2185.750000       0.957338
     2186.000000       0.961692
     2186.250000       0.965357
     2186.500000       0.968357
     2186.750000       0.970789
     2187.000000       0.972739
     2187.250000       0.974298
     2187.500000       0.975566
     2187.750000       0.976531
     2188.000000       0.977212
     2188.250000       0.977631
     2188.500000       0.977782
     2188.750000       0.977582
     2189.000000       0.977079
     2189.250000       0.976359
     2189.500000       0.975487
     2189.750000       0.974548
     2190.000000       0.973620
     2190.250000       0.972738
     2190.500000       0.971948
     2190.750000       0.971244
     2191.000000       0.970593
     2191.250000       0.969952
     2191.500000       0.969323
     2191.750000       0.968714
     2192.000000       0.968123
     2192.250000       0.967554
     2192.500000       0.967008
     2192.750000       0.966481
     2193.000000       0.965970
     2193.250000       0.965459
     2193.500000       0.964936
     2193.750000       0.964416
     2194.000000       0.963917
     2194.250000       0.963466
     2194.500000       0.963090
     2194.750000       0.962808
     2195.000000       0.962640
     2195.250000       0.962596
     2195.500000       0.962678
     2195.750000       0.962875
     2196.000000       0.963179
     2196.250000       0.963580
     2196.500000       0.964069
     2196.750000       0.964636
     2197.000000       0.965273
     2197.250000       0.965978
     2197.500000       0.966756
     2197.750000       0.967611
     2198.000000       0.968554
     2198.250000       0.969601
     2198.500000       0.970753
     2198.750000       0.971987
     2199.000000       0.973283
     2199.250000       0.974619
     2199.500000       0.975964
     2199.750000       0.977288
     2200.000000       0.978568
     2200.250000       0.979784
     2200.500000       0.980934
     2200.750000       0.982022
     2201.000000       0.983059
     2201.250000       0.984054
     2201.500000       0.985025
     2201.750000       0.985991
     2202.000000       0.986964
     2202.250000       0.987966
     2202.500000       0.989004
     2202.750000       0.990106
     2203.000000       0.991289
     2203.250000       0.992563
     2203.500000       0.993882
     2203.750000       0.995191
     2204.000000       0.996443
     2204.250000       0.997579
     2204.500000       0.998542
     2204.750000       0.999293
     2205.000000       0.999788
     2205.250000       1.000000
     2205.500000       0.999926
     2205.750000       0.999602
     2206.000000       0.999051
     2206.250000       0.998290
     2206.500000       0.997337
     2206.750000       0.996212
     2207.000000       0.994939
     2207.250000       0.993554
     2207.500000       0.992064
     2207.750000       0.990451
     2208.000000       0.988703
     2208.250000       0.986803
     2208.500000       0.984747
     2208.750000       0.982527
     2209.000000       0.980137
     2209.250000       0.977572
     2209.500000       0.974853
     2209.750000       0.972006
     2210.000000       0.969020
     2210.250000       0.965874
     2210.500000       0.962592
     2210.750000       0.959179
     2211.000000       0.955599
     2211.250000       0.951817
     2211.500000       0.947799
     2211.750000       0.943513
     2212.000000       0.938965
     2212.250000       0.934148
     2212.500000       0.929072
     2212.750000       0.923728
     2213.000000       0.918166
     2213.250000       0.912379
     2213.500000       0.906329
     2213.750000       0.899972
     2214.000000       0.893265
     2214.250000       0.886165
     2214.500000       0.878616
     2214.750000       0.870591
     2215.000000       0.862104
     2215.250000       0.853168
     2215.500000       0.843777
     2215.750000       0.833969
     2216.000000       0.823783
     2216.250000       0.813259
     2216.500000       0.802444
     2216.750000       0.791380
     2217.000000       0.780046
     2217.250000       0.768469
     2217.500000       0.756675
     2217.750000       0.744677
     2218.000000       0.732399
     2218.250000       0.719873
     2218.500000       0.707140
     2218.750000       0.694235
     2219.000000       0.681197
     2219.250000       0.668045
     2219.500000       0.654782
     2219.750000       0.641420
     2220.000000       0.627957
     2220.250000       0.614348
     2220.500000       0.600597
     2220.750000       0.586739
     2221.000000       0.572809
     2221.250000       0.558843
     2221.500000       0.544880
     2221.750000       0.530942
     2222.000000       0.517055
     2222.250000       0.503215
     2222.500000       0.489363
     2222.750000       0.475464
     2223.000000       0.461541
     2223.250000       0.447659
     2223.500000       0.433870
     2223.750000       0.420232
     2224.000000       0.406810
     2224.250000       0.393657
     2224.500000       0.380823
     2224.750000       0.368319
     2225.000000       0.356116
     2225.250000       0.344176
     2225.500000       0.332478
     2225.750000       0.321024
     2226.000000       0.309813
     2226.250000       0.298844
     2226.500000       0.288123
     2226.750000       0.277654
     2227.000000       0.267439
     2227.250000       0.257496
     2227.500000       0.247849
     2227.750000       0.238511
     2228.000000       0.229484
     2228.250000       0.220763
     2228.500000       0.212343
     2228.750000       0.204215
     2229.000000       0.196370
     2229.250000       0.188780
     2229.500000       0.181429
     2229.750000       0.174322
     2230.000000       0.167465
     2230.250000       0.160864
     2230.500000       0.154512
     2230.750000       0.148392
     2231.000000       0.142495
     2231.250000       0.136807
     2231.500000       0.131311
     2231.750000       0.125995
     2232.000000       0.120840
     2232.250000       0.115855
     2232.500000       0.111048
     2232.750000       0.106431
     2233.000000       0.101999
     2233.250000       0.097742
     2233.500000       0.093657
     2233.750000       0.089735
     2234.000000       0.085963
     2234.250000       0.082339
     2234.500000       0.078853
     2234.750000       0.075504
     2235.000000       0.072296
     2235.250000       0.069236
     2235.500000       0.066317
     2235.750000       0.063523
     2236.000000       0.060845
     2236.250000       0.058273
     2236.500000       0.055791
     2236.750000       0.053401
     2237.000000       0.051099
     2237.250000       0.048881
     2237.500000       0.046749
     2237.750000       0.044710
     2238.000000       0.042765
     2238.250000       0.040906
     2238.500000       0.039128
     2238.750000       0.037424
     2239.000000       0.035786
     2239.250000       0.034216
     2239.500000       0.032717
     2239.750000       0.031287
     2240.000000       0.029927
     2240.250000       0.028647
     2240.500000       0.027445
     2240.750000       0.026309
     2241.000000       0.025229
     2241.250000       0.024196
     2241.500000       0.023200
     2241.750000       0.022242
     2242.000000       0.021312
     2242.250000       0.020406
     2242.500000       0.019522
     2242.750000       0.018667
     2243.000000       0.017840
     2243.250000       0.017036
     2243.500000       0.016254
     2243.750000       0.015491
     2244.000000       0.014746
     2244.250000       0.015084
     2244.500000       0.014364
     2244.750000       0.013664
     2245.000000       0.012993
     2245.250000       0.012400
     2245.500000       0.011883
     2245.750000       0.012325
     2246.000000       0.012283
     2246.250000       0.011765
     2246.500000       0.011261
     2246.750000       0.011768
     2247.000000       0.011217
     2247.250000       0.010704
     2247.500000       0.010307
     2247.750000       0.000000
     2248.000000       0.000000
